
长剑 1.03 1.03 25 30,150 30,150 
短剑 1.26 1.28 15 25,140 25,120 
软剑 1.3 1.72 15 10,30 10,90 
重剑 1.58 1.13 50 40,60 40,200 
刺剑 1.38 1.16 15 18,65 40,120 
长刀 1.21 1.11 35 35,160 35,140 
大环刀 1.1 1.11 45 30,170 45,180 
短刀 1.25 1.1 15 40,150 30,110 
弯刀 1.18 1.08 20 20,120 20,120 
双刃斧 1.25 1.11 55 40,155 35,160 
长棍 1.18 1.1 50 30,100 30,100 
狼牙棒 1.1 1.1 60 60,200 20,90 
三节棍 1.11 1.08 25 20,90 20,90 
长枪 0.91 1.15 45 45,130 30,100 
战戟 1.03 1.1 50 40,135 45,90 
长鞭 1.06 1.11 20 20,160 20,160 
软鞭 0.86 1.28 12 10,40 40,120 
九节鞭 1 1.11 40 50,160 25,80 
杆子鞭 0.88 1.3 25 20,120 20,100 
链枷 1.09 1.1 45 30,140 30,90 
双环 1.06 1.01 35 30,130 40,120 
对剑 1.18 1.06 40 30,100 30,170 
双钩 1.53 1.03 35 30,130 40,130